28
28
33
29
28
32
26
29
30
30
30
31
33
31
31
31
32
31
32
31
32
50
94
75
77
78
78
54
35
51
171
244
216
228
186
62
38
34
33
33
32
31
31
31
30
33
154
233
224
231
96
43
33
33
32
32
33
32
32
32
31
31
32
31
32
32
32
31
32
31
32
31
44
63
41
36
33
33
32
33
32
32
32
32
35
104
212
183
147
123
47
34
32
32
32
32
32
33
33
32
32
32
32
31
32
32
32
32
31
31
31
31
32
31
33
33
32
32
31
32
32
32
32
47
171
218
184
127
65
39
35
36
33
34
33
33
33
33
32
32
33
32
32
32
33
32
31
31
31
32
31
32
70
194
68
38
33
32
32
33
32
32
33
32
32
33
33
32
32
33
31
32
33
33
33
33
32
32
32
33
32
32
33
32
32
61
179
148
130
62
37
33
32
33
33
32
33
32
32
32
31
32
31
31
33
32
32
32
33
32
33
32
32
32
32
32
33
32
56
169
126
95
61
37
33
33
32
33
32
31
34
34
33
35
33
32
32
33
86
207
176
156
117
52
36
33
33
32
33
34
33
31
34
34
33
35
34
35
32
34
32
33
33
32
32
33
33
33
33
33
46
199
203
155
64
37
33
33
34
33
33
32
33
34
34
33
33
33
33
34
34
33
33
33
33
35
33
33
35
33
35
33
34
34
33
33
33
34
34
34
32
33
33
33
33
33
33
34
34
35
34
36
118
189
103
47
36
33
32
33
33
33
33
32
35
34
33
33
33
32
